<?xml version="1.0"?>
<opencv_storage>
<calibration_Time>"Fri Dec  5 18:08:54 2014"</calibration_Time>
<nrOfFrames>30</nrOfFrames>
<image_Width>1280</image_Width>
<image_Height>1024</image_Height>
<board_Width>7</board_Width>
<board_Height>7</board_Height>
<square_Size>20.</square_Size>
<FixAspectRatio>1.</FixAspectRatio>
<!-- flags:  +fix_aspectRatio +fix_principal_point +zero_tangent_dist -->
<flagValue>14</flagValue>
<Camera_Matrix type_id="opencv-matrix">
  <rows>3</rows>
  <cols>3</cols>
  <dt>d</dt>
  <data>
    5.9584858943881511e+02 0. 6.3950000000000000e+02 0.
    5.9584858943881511e+02 5.1150000000000000e+02 0. 0. 1.</data></Camera_Matrix>
<Distortion_Coefficients type_id="opencv-matrix">
  <rows>5</rows>
  <cols>1</cols>
  <dt>d</dt>
  <data>
    3.7757558375356860e-02 -6.4302226288720787e-01 0. 0.
    1.1751336889602142e+00</data></Distortion_Coefficients>
<Avg_Reprojection_Error>4.6874008671015932e-01</Avg_Reprojection_Error>
<Per_View_Reprojection_Errors type_id="opencv-matrix">
  <rows>30</rows>
  <cols>1</cols>
  <dt>f</dt>
  <data>
    4.65137184e-01 4.65254456e-01 4.66265053e-01 4.65636671e-01
    4.68311071e-01 4.59681302e-01 4.67403203e-01 4.68850821e-01
    4.70675379e-01 4.75366533e-01 4.72038329e-01 4.73833919e-01
    4.75061297e-01 4.73868161e-01 4.74346608e-01 4.69439983e-01
    4.69725370e-01 4.71672595e-01 4.68560040e-01 4.68274385e-01
    4.63210732e-01 4.65477973e-01 4.65658426e-01 4.65888977e-01
    4.61131185e-01 4.65026408e-01 4.69553024e-01 4.69949096e-01
    4.68939632e-01 4.77404624e-01</data></Per_View_Reprojection_Errors>
<!-- a set of 6-tuples (rotation vector + translation vector) for each view -->
<Extrinsic_Parameters type_id="opencv-matrix">
  <rows>30</rows>
  <cols>6</cols>
  <dt>d</dt>
  <data>
    -1.5875080199373465e-01 1.2844368084691790e-01
    3.0925612608979693e+00 6.4142085681608307e+01 1.1547274395663990e+02
    2.4139277915021094e+02 -1.4321445069443950e-01
    -1.4315995376780107e-02 1.5238596388905725e+00
    5.8574533941757416e+01 -4.1437280575898718e+00
    2.5133313548195264e+02 -1.4152727611961155e-01
    -1.4011580128825387e-02 1.5215895967181525e+00
    5.8616324342185202e+01 -4.1713886896410397e+00
    2.5160490482977644e+02 -1.4011560674910142e-01
    -1.3024050910057003e-02 1.5193324909385901e+00
    5.8632265678624954e+01 -3.9974782717637249e+00
    2.5192498090679862e+02 -1.3932581661934804e-01
    -1.1966915577999643e-02 1.5176647702087436e+00
    5.8619739605964497e+01 -3.5233183635037779e+00
    2.5224747150957913e+02 -1.3913651307294880e-01
    -1.0479942156253221e-02 1.5164597880322448e+00
    5.8616439368106342e+01 -2.7913883219977804e+00
    2.5258443808282581e+02 -1.3891013424246682e-01
    -9.1160386691765630e-03 1.5155032046434300e+00
    5.8659743182913168e+01 -1.9331334004212928e+00
    2.5288621495260787e+02 -1.3829839676976638e-01
    -8.2829643402861503e-03 1.5147197116092386e+00
    5.8765739239714641e+01 -1.0897984708617625e+00
    2.5316526801536418e+02 -1.3796503595901763e-01
    -6.7556917057184380e-03 1.5137362769277019e+00
    5.8922006594320045e+01 -3.1064072484087202e-01
    2.5348102899973898e+02 -1.3713322861363028e-01
    -5.8605691279060091e-03 1.5130357899979896e+00
    5.9134938950672023e+01 3.5777091337710482e-01 2.5374652442412332e+02
    -1.3638444137745981e-01 -4.6291796178925078e-03
    1.5128133392689920e+00 5.9372361644302011e+01 9.0050974998120192e-01
    2.5403203848362452e+02 -1.3603469255500542e-01
    -3.6372313604547762e-03 1.5131008868836990e+00
    5.9606315267913303e+01 1.2843874466628780e+00 2.5436936380817636e+02
    -1.3496707142722078e-01 -3.4640118003637969e-03
    1.5136767069357351e+00 5.9866131547743535e+01 1.5427366149901314e+00
    2.5466887690096945e+02 -1.3425115120238776e-01
    -3.1546211325607473e-03 1.5141919365086545e+00
    6.0187148004407419e+01 1.7819572274430466e+00 2.5500273734259389e+02
    -1.3331415681305306e-01 -2.7148747396075804e-03
    1.5144509714776071e+00 6.0562754041614902e+01 2.0594682810832414e+00
    2.5530647151277336e+02 -1.3246062023575461e-01
    -2.1493617717874506e-03 1.5145837209118671e+00
    6.0963154638946662e+01 2.3121995506731006e+00 2.5560096766071109e+02
    -1.3141277762094844e-01 -1.7955323677983554e-03
    1.5148534543569681e+00 6.1374694646356595e+01 2.4405629382920955e+00
    2.5591001309411371e+02 -1.3032751911251569e-01
    -1.7591868779955548e-03 1.5153604082698919e+00
    6.1809588017734292e+01 2.4075732126698273e+00 2.5625415766114145e+02
    -1.2939934886476814e-01 -1.9074233854095412e-03
    1.5160802286484547e+00 6.2255115071811595e+01 2.2911100509403179e+00
    2.5663753850496056e+02 -1.2823135097981880e-01
    -1.6943308956328931e-03 1.5167370548821981e+00
    6.2710703110356043e+01 2.1855806795190538e+00 2.5697955709676739e+02
    -1.2706086368711603e-01 -2.2764644405233367e-03
    1.5171209292037913e+00 6.3148241234344489e+01 2.0685337378028117e+00
    2.5725531908078483e+02 -1.2511460256665474e-01
    -2.5424210640970029e-03 1.5171040947024823e+00
    6.3589051893849145e+01 1.8714714424696415e+00 2.5743067994752056e+02
    -1.2342210408886953e-01 -2.8911734236057060e-03
    1.5171447548909349e+00 6.4041848091614227e+01 1.6042729378643936e+00
    2.5765264932636035e+02 -1.2400792142382802e-01
    1.1796404652100671e-01 3.0858005816835892e+00 7.1032411838644308e+01
    1.2087977280587116e+02 2.4902880185969263e+02
    -1.2097707135662061e-01 -3.2830959419058708e-03
    1.5190729093883459e+00 6.5104829509064700e+01 1.2552294867609270e+00
    2.5821784435210043e+02 -1.1992679730366947e-01
    -3.0865591878775456e-03 1.5200287499536425e+00
    6.5674695838587141e+01 1.1995650668239806e+00 2.5853257897424061e+02
    -1.1887181464746188e-01 -3.1822497387555930e-03
    1.5210039807606344e+00 6.6256869444509647e+01 1.1095030890882294e+00
    2.5883545657330251e+02 -1.1753750307243697e-01
    -3.1657339769810850e-03 1.5222225321689524e+00
    6.6887921560791071e+01 9.3980507032618943e-01 2.5910170160427265e+02
    -1.1621844246204624e-01 -3.1305070193389907e-03
    1.5239137871026402e+00 6.7563492623177638e+01 7.8718495303471880e-01
    2.5933464815021836e+02 -1.1517928696261251e-01
    -2.8669813090544476e-03 1.5255363174029823e+00
    6.8233934855455914e+01 7.7923232966471390e-01 2.5955998761990270e+02</data></Extrinsic_Parameters>
